O_XXOOXOX|0,1|0,49515554947965
O_XXOOX__|2,2|0,388022512453958
O__X_OX__|0,2|0,170587702609847
O__X_OX__|2,1|-0,0855
_____OX__|1,0|0,0610697568181813
_____OX__|2,1|-0,111359475
_____OX__|0,0|0,88821452516963
_____OX__|1,1|0,197328015
_____OX__|2,2|0,0994194
_____OX__|0,2|0,0246217589905644
_________|2,0|0,407205469225094
_________|0,0|0,407253125
_________|0,1|0,400230360119009
_________|0,2|0,405863865919111
_________|1,1|0,407124107861071
_________|2,2|0,40723989537287
_________|1,0|0,405973058278733
_________|1,2|0,407130651866462
_________|2,1|0,407139863630502
X_OOXOX__|2,2|1
X__O_OX__|1,1|0,95
X____O___|2,0|0,9025
X____O___|1,1|0,3949875985725
X____O___|2,2|0,360350081275985
X____O___|0,1|-0,585528253637773
X____O___|1,0|0,203289364956022
X____O___|2,1|0,315327482113236
X____O___|0,2|0,0263789808459187
OXOO_XXOX|1,1|0,49999613450314
OX_O_XXO_|2,2|0,1556600175
OX_O_X___|2,0|0,143833184834798
_X_O_____|1,2|0,0801937830212643
_X_O_____|1,1|0,275322017511119
_X_O_____|2,0|-0,033566432281875
_X_O_____|2,1|-0,2075087565
_X_O_____|0,0|0,850416466003934
_X_O_____|0,2|-0,070422075
XOXOO_XXO|1,2|0,499999999745989
_OX_O_XXO|0,0|0,462280057504901
_OX_O_X__|2,1|0,401970770474894
_OX______|2,0|0,0722011300442674
_OX______|2,1|0,0431262106875
_OX______|1,0|0,02183407194375
_OX______|1,1|0,07553925
_OX______|2,2|0,07553925
_OX______|0,0|0,249199101981218
OXXXOOOX_|2,2|0,37995
_X_XOOOX_|0,2|0,2240955
_X__OO_X_|1,0|-0,01435583475
_X___O___|2,1|-0,0055968492375
_X___O___|1,0|0,044827671375
_X___O___|2,0|0,0225068377411816
_X___O___|2,2|0,0243675
_X___O___|0,0|-0,151136982
XOXXOOOX_|2,2|0,5
XOXXO_O__|2,1|0,475
X__XO_O__|0,2|0,45125
X___O____|1,0|0,4286875
X___O____|2,1|0,4286727152709
X___O____|2,2|0,428686603397546
X___O____|0,2|0,427529743428334
X___O____|0,1|0,4286875
X___O____|2,0|0,428686616611451
X___O____|1,2|0,428673311832811
OX_XXOOOX|0,2|0,5
OX__X_OOX|1,0|0,474999999999966
_X__X_OO_|2,2|0,451249999999302
____X_O__|0,1|0,42868749999188
____X_O__|0,2|0,288513579503803
____X_O__|2,2|0,25848896310397
____X_O__|0,0|0,29521477787238
____X_O__|1,0|0,0773978453781819
____X_O__|1,2|0,0625642668957896
____X_O__|2,1|0,094836195540168
_XO_O_XXO|0,0|-0,7599
_XO_O__X_|2,0|-0,448191
_XO______|2,1|-0,2056860675
_XO______|1,2|0,123609527588803
_XO______|2,2|0,426156061049514
_XO______|0,0|0,0581171136042287
_XO______|1,1|0,0355227799596039
_XO______|1,0|0,0444154335602679
_XO______|2,0|0,127995979499964
O_OX__OXX|0,1|-0,657
O_____OXX|1,0|-0,102094992484877
______O_X|2,1|-0,0145672713159937
______O_X|0,1|0,0828455595241429
______O_X|1,2|0,247382015347575
______O_X|0,2|0,1316576025
______O_X|1,1|0,103977962867164
______O_X|0,0|0,68580975
_OXXOXOXO|0,0|0,255
_O_XOXOX_|0,2|0,1026
_O_XOX___|2,1|-0,186274981125
_O_X_____|1,2|0,0134380670625
_O_X_____|0,2|0,14410393668
_O_X_____|2,0|-0,2996305776
_O_X_____|2,2|0,04142475
_O_X_____|2,1|0,0465769786071413
_O_X_____|0,0|0,124757560180489
XXOOX__O_|2,2|1
_X_OX__O_|0,0|0,653455568643477
_X_OX__O_|2,0|0,134387329853632
_X_OX__O_|1,2|0,0976990334919764
OOX_OXX__|2,2|0,657
OO___XX__|0,2|0,330885
O_____X__|1,2|0,053364825
O_____X__|2,2|0,824377621610093
O_____X__|0,2|0,3619893386583
O_____X__|1,0|-0,1845707271525
O_____X__|1,1|0,016953284842875
O_____X__|2,1|0,058482
O_____X__|0,1|0,135239625
OXX_OOXOX|1,0|0,5
OXX_O_XO_|2,2|0,475
OXX____O_|2,0|0,451249999986787
OXX____O_|1,1|-0,6327426645
OXX____O_|1,2|-0,330885
OXX____O_|2,2|0,03086143875
_X_____O_|0,2|0,428635839339182
_X_____O_|1,2|0,0553058832615369
_X_____O_|2,0|0,053364825
_X_____O_|2,2|0,01319500125
_X_____O_|1,1|0,0347440008571875
_X_____O_|0,0|0,0995550139709153
_X_____O_|1,0|-0,0307784674125
XXOO_XXOO|1,1|0,499999844013259
XXOO__X_O|1,2|0,455015653079085
X__O__X_O|0,1|0,364427803202363
X__O__X_O|1,1|0,45115039985276
X__O__X_O|2,1|-0,00969759398415651
X__O__X_O|1,2|0,213260832775859
X__O__X_O|0,2|0,949999999999179
______X_O|0,0|0,131018059950035
______X_O|0,2|0,878761519737514
______X_O|1,2|0,10679733055893
______X_O|0,1|0,026798158125
______X_O|1,0|0,446140170114996
O_OXO_X_X|2,1|0,51
__OXO___X|2,0|0,2052
__O_____X|1,0|0,07657541701875
__O_____X|0,0|0,0243675
__O_____X|1,2|-0,118485098544375
__O_____X|2,1|0,404524136475
__O_____X|1,1|0,06484278125417
__O_____X|0,1|0,0924416523062503
OXO_OXXOX|1,0|0,496608884635755
OXO_OXX__|2,2|0,169607309391225
_XO_OX___|2,0|0,165841404467872
O___XOXOX|0,2|0,51
_____OXOX|1,1|0,2052
_____OXOX|1,0|0,020712375
_____OXOX|0,1|0,068464146375
_____OXOX|0,2|-0,0855
_____O__X|2,0|0,087479325
_____O__X|1,1|0,438925880565
_____O__X|1,0|0,140585309386792
_____O__X|0,0|0,0676310365898647
XO_OOXXXO|0,2|0,499999681659712
X__OO_XXO|1,2|0,453155573654972
____O_XXO|0,0|0,371941539806265
____O_X__|2,1|0,270637084414524
____O_X__|1,2|0,185166794673583
____O_X__|0,2|0,391185083060262
____O_X__|0,0|0,428672721190947
____O_X__|1,0|0,323307029233972
____O_X__|2,2|0,225080678518903
____O_X__|0,1|0,141410489097049
OXO_X_O_X|2,1|0,51
_XO___O_X|1,1|0,2052
OXOXXOO_X|2,1|0,7599
OXOX__O_X|1,1|0,448191
OX____O_X|1,0|0,187742627692087
_OXXXOOXO|0,0|0,499720727067958
_OX_X_OXO|1,0|0,44523048230571
_OX_X_OXO|1,2|0,1235475
__X_X_O_O|2,1|0,324904124936414
__X___O__|1,1|0,428107404926131
__X___O__|0,0|0,208492529593457
__X___O__|2,1|0,0667742455479258
__X___O__|1,0|0,0599502365621157
__X___O__|2,2|0,324955476675
__X___O__|0,1|0,0455924026018677
__X___O__|1,2|0,106918393671603
O_XOXO__X|2,0|0,98022673257
__XO_O__X|1,1|0,86922620254845
__XO_____|2,2|0,712880156088905
__XO_____|1,2|0,100308693142894
__XO_____|0,0|0,2368735434
__XO_____|2,1|0,0243675
__XO_____|0,1|-0,22299917625
__XO_____|1,1|0,1154731719825
OOX_XO__X|2,0|0,99837158640209
OO__X___X|0,2|0,940099245324704
_O______X|1,1|0,144791685
_O______X|1,2|-0,352520135734156
_O______X|0,0|0,12860625
_O______X|2,0|0,1937459925
XOX_OXO__|2,2|0,94235199
X___OXO__|0,2|0,7637969277
____OX___|0,0|0,428688954409533
____OX___|1,0|-0,399657241668445
____OX___|0,2|0,247968344212258
____OX___|2,2|0,306485904250914
____OX___|2,0|0,0243675
____OX___|2,1|0,0483329362499993
____OX___|0,1|0,0574076419527347
__XX_OOXO|1,1|0,072675
__X__O_XO|1,0|0,020712375
__X__O_XO|0,0|0,0243675
_______XO|0,2|0,121675562228367
_______XO|0,0|0,325431853835668
_______XO|0,1|-0,2224021725
_______XO|1,2|0,0781380870441315
_______XO|1,1|0,059237052475905
_______XO|2,0|0,0243675
O__X_OXOX|0,2|0,185157658575
O_OXXOXOX|0,1|0,255
O__XXO_OX|2,0|0,1026
O__XXO_OX|0,1|0,232062775148857
O___X__OX|1,0|0,0981954486112994
O___X__OX|0,1|0,125976863392087
O___X__OX|2,0|0,328143300980577
O___X__OX|1,2|0,0855
____X__O_|2,2|0,0986409421411798
____X__O_|2,0|0,105832136431595
____X__O_|0,2|0,729105271971958
____X__O_|1,2|0,0109073120052544
____X__O_|1,0|0,2290886145
____X__O_|0,1|0,0616661303454022
_OXOXXOXO|0,0|0,3285
_OX____XO|1,1|0,01218375
XOOOXXX_O|2,1|0,5
X_OO_XX_O|1,1|0,2631975
X_OO_XX_O|2,1|0,142472699674528
X_O__X__O|2,0|0,0835399125
X_O__X__O|1,0|0,448191
X_O__X__O|2,1|0,0672674218964367
X_O__X__O|1,1|0,135373622948484
X_______O|1,2|0,267088816893738
X_______O|2,0|0,902499999992485
X_______O|1,0|-0,0431113803866574
X_______O|2,1|0,161229305216006
X_______O|1,1|0,35074273702102
X_______O|0,1|0,0990587435455979
X_______O|0,2|0,35430292513957
O_OXOXX__|0,1|-0,83193
__O_OXX__|1,0|-0,0855
__O_OXX__|0,0|0,202192688043627
__O_OXX__|2,1|0,03086143875
O_OXOX__X|0,1|-0,98022673257
O__XOX___|2,2|-0,8198878649499
O____X___|1,0|-0,2056860675
O____X___|2,1|0,02735723386125
O____X___|0,1|-0,0219052857571545
O____X___|1,1|0,008333685
O____X___|0,2|0,472180899852
O____X___|2,2|0,0271271961440042
OXOX_OXOX|1,1|0,48587623755
O_OX__XOX|0,1|0,2122182675
__OX___OX|2,0|0,01218375
__OX___OX|0,1|0,085572730168875
__XXOXO_O|0,0|-0,9176457
___XOXO__|0,2|-0,7074665865
O_X_O_XOX|1,2|0,99667670694304
O_____XOX|0,2|0,93168865525615
O_____XOX|1,2|0,135905524622699
O_____XOX|1,1|0,257031548070168
O_____XOX|0,1|0,0889359285850684
O_____XOX|1,0|0,166822685501816
OXOXOXXO_|2,2|0,45882285
_XOXOX_O_|2,0|0,04275
___XOX_O_|0,1|-0,24291597375
___X___O_|1,2|-0,01950618375
___X___O_|0,0|-0,1986175431
___X___O_|1,1|0,369109452483637
___X___O_|0,2|0,0243675
___X___O_|2,2|0,008333685
___X___O_|2,0|0,0801955637756069
XOXXXOO_O|2,1|0,415965
XOXX_OO__|1,1|0,254888325
XOXX_OO__|2,2|0,366078915782927
XOX__O___|1,0|0,0925578275295392
XOX__O___|2,0|0,2052
__X__O___|0,0|0,010764343125
__X__O___|1,1|0,851245558589516
__X__O___|0,1|-0,04142475
__X__O___|2,2|0,0666260570320287
__X__O___|2,1|0,028005811425
__X__O___|1,0|0,0317412732870749
O_O_XOX_X|2,1|0,7599
O___XO__X|2,0|0,0855
O___XO__X|2,1|0,63705366
O___XO__X|0,2|0,0605766462607125
O___XO__X|1,0|0,03726788599125
XOO_OX__X|2,0|-0,986158712799
_OO__X__X|0,0|-0,86777710452108
XOX_O_X_O|1,0|0,999726312526599
__X_O_X_O|0,0|0,947945975512127
O_O_XXO_X|1,0|0,959646393
__O__XO_X|1,1|0,808157071395
XOXXO_OXO|1,2|0,5
XOX_O_OX_|1,0|0,475
XOX_O_OX_|1,2|0,457328351230594
XOX_O_OX_|2,2|0,470318179220036
X___O_OX_|0,2|0,451249999999658
X_____O__|2,1|0,274753956248894
X_____O__|2,2|0,9025
X_____O__|0,1|0,79551163076829
X_____O__|1,2|0,252989823392208
X_____O__|1,1|0,260828878231306
X_____O__|0,2|0,1085578371177
X_____O__|1,0|0,161971789656614
XXOOOX_OX|2,0|0,15
XXOO_X_O_|2,2|0,04275
XXOO_X_O_|2,0|0,14153353212119
X__O_X_O_|0,1|0,0488656816545392
X__O_X_O_|2,0|0,0243675
___O_X___|0,0|0,145995299368855
___O_X___|1,1|0,0320152012812582
___O_X___|0,2|0,21197823302412
___O_X___|2,0|0,319272967976012
___O_X___|2,2|0,036257414220282
___O_X___|0,1|0,0416448531152621
X_OOO_X_X|2,1|1
X_O_O___X|2,0|0,95
__X_OOXXO|0,0|-0,657
_____OXXO|0,2|-0,330885
XXOOOX_XO|2,0|0,415965
X_OO_X_XO|0,1|0,04275
__O__X_XO|0,0|0,01218375
__O__X___|2,1|0,00347236875
__O__X___|2,0|0,215887726552781
__O__X___|1,0|-0,08236215
__O__X___|0,1|0,0770780441136383
__O__X___|1,1|0,11146090838305
__O__X___|2,2|-0,22413864079632
__O__X___|0,0|0,0908101388340441
XXOOO_XOX|1,2|0,5
XXO_O__OX|2,0|0,474999991544234
X___O__OX|0,1|0,451126019462526
_______OX|0,0|0,299047819115146
_______OX|1,1|0,04044423445245
_______OX|1,0|0,0463626994850044
_______OX|2,0|0,058482
_______OX|0,2|0,087479325
_______OX|0,1|0,0243675
O_XXXOOOX|0,1|0,4930793563995
O_XXXOO__|2,2|0,28147279725
O_XXXOO__|0,1|0,474978225302495
O_XXXOO__|2,1|0,134285158575
O_X_X_O__|1,0|0,451097988977365
O_X______|1,1|0,104427384149477
O_X______|2,0|0,835894827527306
O_X______|0,1|0,111548999977595
O_X______|1,0|0,04468563565425
O_X______|2,1|0,0243675
O_X______|1,2|0,127734435
O__X_OXXO|0,2|-0,51
XOXXOOO_X|2,1|0,499999999875535
_OXX_OO_X|0,0|0,04275
_OXX__O__|2,2|0,01218375
_OXX__O__|1,2|0,330885
X_OOXXXOO|0,1|0,499999844013259
X_OOXX__O|2,0|0,474999999993528
X_OOXX__O|0,1|0,458625031507926
X_OOXX__O|2,1|0,416983099964469
X_O_X___O|1,2|0,451249999955372
X_O______|1,1|0,404134547635682
X_O______|2,2|0,902499999999999
X_O______|2,0|0,304777959692877
X_O______|1,2|0,293299536336711
X_O______|0,1|-0,193876283722225
X_O______|2,1|0,336863873999321
X_O______|1,0|0,784351347554641
XXOOOXXO_|2,2|0,5
XXO_OX_O_|2,0|0,475
_X__OX_O_|0,0|0,01218375
X_OXXOO__|2,2|0,99837158640209
X_OX__O__|1,1|0,940099245324704
__OX_____|0,0|0,788474660817489
__OX_____|1,2|-0,25499857725
__OX_____|2,0|0,0706456859971457
__OX_____|2,1|0,0243675
__OX_____|0,1|0,008333685
__OX_____|2,2|0,0461430706325063
__OX_____|1,1|0,0853906319888593
OXOOX_XOX|1,2|0,499601038668512
OX_OX__OX|2,0|0,04275
X_OOX_X_O|1,2|0,474993762158517
_OXXOOOXX|0,0|0,4930793563995
__X_OOOXX|1,0|0,450452804735464
____O_OXX|0,2|0,405121289312552
____O__X_|2,2|0,122994607641577
____O__X_|1,2|0,0734071791703663
____O__X_|0,2|0,0243675
____O__X_|0,0|0,0115745624999998
____O__X_|2,0|0,0255688155150806
____O__X_|0,1|-0,2108017755765
XOO_XXOXO|1,0|0,3
X_O__XOXO|1,1|0,0855
_____XOXO|0,0|0,12967976391498
_____XOXO|1,0|-0,0855
_____XO__|2,1|0,01180605375
_____XO__|2,2|0,52407019718775
_____XO__|0,1|0,0069447375
_____XO__|1,1|0,0339707355878812
_____XO__|0,2|0,104973002549502
_____XO__|0,0|0,058482
XO_OXXOXO|0,2|0,496608884635755
X__OXXO_O|2,1|0,32329119852675
___OXXO__|0,0|0,175574886006499
O_O__XXXO|0,1|-0,7599
__O___XXO|1,2|-0,191491981022015
__O____X_|2,0|-0,0985467655726031
__O____X_|0,0|0,2694329339175
__O____X_|0,1|-0,058482
__O____X_|1,0|-0,063599175
__O____X_|1,1|0,0220606382437116
XXOOO__X_|1,2|-0,7599
X_OO___X_|0,1|-0,0855
X_OO___X_|1,1|0,448191
X_OO___X_|2,0|0,116572990355048
X_OO___X_|1,2|0,070422075
OX_XOOXOX|0,2|0,49833835347152
_X_XOO_OX|2,0|0,04275
___XO__OX|0,1|0,029241
_OXXOXO__|2,2|0,657
XOXOX_O__|2,2|0,959646393
__XOX_O__|0,0|0,557117539155
_X_XO_OXO|0,0|-0,3
_X_X__O_O|2,1|-0,0855
_X______O|1,0|-0,04142475
_X______O|0,0|-0,0175947329271163
_X______O|1,2|0,0657972445284978
_X______O|0,2|0,0243675
_X______O|2,1|-0,0243675
_X______O|1,1|0,005903026875
_X______O|2,0|0,0069447375
OOXOXX_XO|2,0|0,882351
OOX__X_XO|1,1|0,63705366
OO___X_X_|0,2|0,404524136475
XOXOOX_XO|2,0|0,5
XO_O_X_XO|0,2|0,1235475
XO_O_X_XO|1,1|0,118550025
_O___X_XO|0,0|0,143870727394454
_O___X_XO|1,0|0,0352110375
_O___X_XO|1,1|0,0266824125
_O___X_XO|0,2|0,029241
_O_____X_|1,2|0,0653743123910249
_O_____X_|2,0|0,428615379097471
_O_____X_|1,0|0,0285838923351887
_O_____X_|2,2|0,080656425
_O_____X_|0,0|0,1850425306875
_O_____X_|0,2|0,115904763050625
_O_____X_|1,1|0,0781923965035013
XOXX__O_O|2,1|0,472672236238079
XOX___O__|1,0|-0,21133774044306
XOX___O__|1,2|0,287715435616751
XOX___O__|2,1|0,113048457036882
XOX___O__|1,1|0,126331303577669
OXOO_X__X|2,0|0,269292670393725
O_O__X__X|0,1|0,0901879664093386
O_XX_O_OX|2,0|0,31669126970175
O_XX_O_OX|1,1|0,072675
O__X___OX|0,2|0,0266824125
XOX_OOOXX|1,0|0,5
XO__O_OXX|0,2|0,475
XO__O___X|2,1|0,45125
XO_______|2,2|0,4286875
XO_______|2,0|0,395873578273753
XO_______|1,1|0,902499748861879
XO_______|1,0|0,289020800980129
XO_______|2,1|0,252117221759251
XO_______|1,2|0,136356480548283
XO_______|0,2|0,314303360419991
XOX_OXOXO|1,0|0,499999999985357
XOX_OX__O|2,1|0,474999999852259
__X_OX__O|0,0|0,451249999915788
O_X_OOX_X|2,1|0,999808418768619
O_X_O_X__|2,2|0,948507582207545
O_O_XXX_O|1,0|0,51
O____XX_O|1,1|0,2052
__OXOX___|2,0|-0,5303052
XXOO__O_X|1,1|0,657
_X_O__O_X|0,0|0,330885
___O____X|0,1|0,184268472068239
___O____X|2,1|-0,0243675
___O____X|2,0|-0,04142475
___O____X|1,2|0,0255670323901824
___O____X|0,0|0,40905914007121
___O____X|0,2|0,127734435
XXO__X_OO|2,0|0,277529066360462
XXO_____O|1,2|0,153454532605084
X__XO_OXO|0,2|0,424725377801777
X__X__O_O|2,1|0,033689294502236
XXOO_X__O|2,0|0,415180243676495
XXOO_X__O|2,1|0,0936225
__OOX_X__|0,0|0,310551976677983
__OOX_X__|0,1|0,0676760789000485
__OOX_X__|2,1|0,0855
__OOX_X__|1,2|0,123662521988388
___O__X__|1,1|0,202630608424481
___O__X__|0,0|0,607342521267962
___O__X__|2,1|0,0706352638877606
___O__X__|0,2|0,0710902529960745
___O__X__|1,2|0,0069447375
___O__X__|2,2|0,07553925
O_XX___O_|2,2|0,1223590863375
O_XX___O_|0,1|-0,0855
O_XX___O_|1,2|0,0855
O__X_____|0,2|0,0401086850833125
O__X_____|2,1|-0,00317051242599017
O__X_____|2,2|0,133966328107499
O__X_____|1,1|0,03579448268565
O__X_____|2,0|0,0628004762583722
O__X_____|1,2|-0,42570344151
O__X_____|0,1|-0,0373893040181316
XXOOOXX_O|2,1|0,5
_XO_OXX_O|0,0|0,326738249644155
_XO___X_O|1,2|0,01218375
O_O__XXOX|0,1|0,378726786960542
OXOXO_XOX|1,2|0,499999999998277
OXOXO___X|2,0|0,474953339722137
O__XO___X|0,1|0,316140512575658
O__XO___X|0,2|0,0877103118845731
O__XO___X|2,1|0,119389149998789
O__XO___X|1,2|-0,46149844401
___XO____|2,2|0,206882470350006
___XO____|2,1|0,139797532440623
___XO____|0,0|0,428687499999904
___XO____|1,2|-0,11016845251875
___XO____|2,0|0,0694975824919027
___XO____|0,2|0,0587260892474996
OO__XO_XX|2,0|0,882351
____XO___|2,2|0,20986509375
____XO___|0,2|0,831797987556471
____XO___|0,1|0,0147534663200062
____XO___|0,0|0,127734435
OXXXXOOO_|2,2|0,499999071894204
OXX_X_OO_|1,0|-0,9176457
OX__X__O_|0,2|-0,311320035
OX__X__O_|1,2|0,138018888110974
OX__X__O_|2,0|0,449044928306565
OX__X__O_|2,2|0,230125464124044
OX__X__O_|1,0|0,05887089311625
O___X____|0,1|0,0446088803454022
O___X____|0,2|0,0763795095376219
O___X____|2,2|0,289482038847466
O___X____|2,0|0,228952870726547
O___X____|1,0|0,0102128267964375
__X_O_XO_|0,1|0,45125
______XO_|0,2|0,428687499999324
______XO_|0,1|0,06208065331875
______XO_|1,1|0,208248778252966
______XO_|1,2|0,163712531294198
______XO_|1,0|0,054863773486875
______XO_|0,0|0,321995050174757
______XO_|2,2|0,24065198013375
XXOXOO___|2,0|0,3
_X_XOO___|0,0|0,0855
_X_XOO___|2,1|-0,0855
_X_XOO___|2,2|0,0400503707235494
___X_O___|0,1|0,0385206124651875
___X_O___|1,1|0,064638857030625
___X_O___|0,0|0,191841918004311
___X_O___|2,1|0,008333685
___X_O___|2,0|0,0285255832774281
___X_O___|2,2|0,0257232483815246
XOXO_OXXO|1,1|0,657
XOX__O_XO|2,0|0,330885
XOX__O_XO|1,0|0,474708563808813
__X_____O|2,1|-0,003907328625
__X_____O|1,2|0,230356070571676
__X_____O|0,1|0,52407019718775
__X_____O|1,0|-0,058482
__X_____O|2,0|0,267928284917541
_O__X____|2,2|0,861718767671326
_O__X____|1,2|0,0611400660075747
_O__X____|1,0|0,0134380670625
_O__X____|0,0|0,270688974736163
X__O_XO__|1,1|0,029241
X__O_XO__|0,2|0,330885
X__OO_OXX|0,2|-0,657
___O__OXX|0,0|-0,247095
XOXX_OOXO|1,1|0,499988730329855
X__X_OOXO|0,2|0,205033275
OXO___XOX|1,0|0,193372499997955
OXO___XOX|1,2|0,28306990377675
OX____XO_|2,2|0,06403779
XOXO_XOXO|1,1|0,499185793201045
XOXO_X__O|2,1|0,172424999927607
XOXO_X__O|2,0|0,378349853102294
__XO_X__O|0,0|0,01218375
__XO_X__O|2,0|0,377803493792123
__XO_X__O|2,1|0,01218375
__XO_X__O|1,1|-0,0855
OXOOXXXO_|2,2|0,499999350325943
O_OOXXX__|0,1|0,347186127581095
__OO_XX__|1,1|0,0886079508619284
XOOOXX_XO|2,0|0,499720727067958
_OOOXX_X_|0,0|0,04275
__OO_X_X_|1,1|0,01218375
___O___X_|1,2|0,00347236875
___O___X_|0,2|0,00879551004375
___O___X_|2,0|0,00731025
___O___X_|0,0|0,202701761392989
___O___X_|0,1|-0,094302225
___O___X_|1,1|0,037442496186
___O___X_|2,2|-0,070422075
XO_OOX_X_|0,2|0,46594735998907
XO_OOX_X_|2,2|0,448191
XO_OOX_X_|2,0|0,142472699674528
XO_O___X_|1,2|0,020712375
XO_O___X_|2,0|0,369906336691069
XO_O___X_|2,2|0,0855
XO_O___X_|1,1|0,065538828
X__O_____|2,1|0,189616879991595
X__O_____|1,2|0,0945666690597085
X__O_____|0,1|0,902499999999816
X__O_____|1,1|0,187533315075749
X__O_____|2,0|0,327318257367421
X__O_____|2,2|0,317595588293549
X__O_____|0,2|0,33721757549775
XXOX_OO__|1,1|-0,83193
_X_X_OO__|0,0|-0,0855
_X_X_OO__|2,2|0,0243675
___X__O__|0,1|0,0802376447029291
___X__O__|2,1|0,0061442462401875
___X__O__|2,2|0,298177921663067
___X__O__|0,2|0,0732426821794021
___X__O__|1,2|-0,4819280606775
___X__O__|1,1|0,0579562249466873
___X__O__|0,0|-0,15698761875
__O_XOX__|2,2|0,4188645
O_O_X_XOX|0,1|0,45834864337108
O_______X|2,0|0,777051549421589
O_______X|2,1|-0,0398637801684745
O_______X|1,0|0,00347236875
O_______X|1,1|0,1244935575
O_______X|0,2|0,005903026875
O_______X|0,1|0,0882378324690077
O_______X|1,2|0,0559198640681974
__O_X_XO_|2,2|0,191772542263632
__O_X_XO_|1,2|0,03086143875
__O_X_XO_|1,0|0,0855
__O_X_XO_|0,0|0,41744007
__O_X_XO_|0,1|0,135308857490857
OXO_____X|2,0|0,176579579498048
OXO_____X|1,0|0,128055619412361
_OXOXXO__|2,2|0,7599
_OX_X_O__|1,2|0,3602115
_OX_X_O__|1,0|0,0471511125
O_OXX_X_O|1,2|0,999441454135917
O__X__X_O|1,1|0,946126484432582
OOXX_OOXX|1,1|0,3285
OOXX_O_X_|2,2|0,1235475
OO_X___X_|0,2|0,01218375
_X_O__X_O|0,0|0,03939006375
_O___X___|1,0|-0,05947746111
_O___X___|2,0|0,145990738591698
_O___X___|0,0|0,0503864293596491
_O___X___|0,2|0,0829752294301862
_O___X___|2,2|-0,368675055943508
_O___X___|2,1|0,09077813623125
_O___X___|1,1|0,053364825
_XOXOX__O|0,0|-0,3
_XOX____O|1,2|-0,0855
XOOOOXX_X|2,1|0,882351
XOOO_XX__|2,2|0,63705366
XOOO_XX__|2,1|0,234025794563363
XO_O__X__|1,2|0,450214426870423
XO_O__X__|2,1|0,39120746615055
XO_O__X__|2,2|0,448191
XO_O__X__|1,1|0,0855
XO_O__X__|0,2|-0,28899
_O____X__|0,0|0,426963593639369
_O____X__|1,0|-0,3737815477695
_O____X__|1,2|0,111359475
_O____X__|0,2|0,0757788927068155
OXXOO_XOX|1,2|0,51
OX_O__XOX|0,2|0,2052
OX_O____X|2,0|0,07553925
___X____O|2,0|0,874395443945174
___X____O|0,0|0,021109224105
___X____O|2,1|0,02690172
___X____O|1,1|0,102698112353808
___X____O|1,2|-0,094302225
OOXXOOX_X|2,1|0,7599
OOXX_O__X|2,0|0,448191
OOXX_O__X|1,1|0,13076451225
OOXX_____|2,2|0,0243675
OOXX_____|2,1|0,08312972625
OOXX_____|1,1|0,0855
____O___X|0,0|0,428687533832065
____O___X|2,1|0,306722848352848
____O___X|0,1|0,164812575408311
____O___X|1,2|0,15607442690903
____O___X|2,0|0,203963216930839
____O___X|0,2|0,213464252668737
____O___X|1,0|0,221079481760506
XO_XOXOXO|0,2|0,3285
_O_XOX_XO|0,0|0,1235475
__OO_XXOX|0,1|0,474552115357518
__OO_XXOX|1,1|0,1654425
__OO_XXOX|0,0|0,312074997362866
___O_XXO_|2,2|0,449147235991129
_OO_XXXO_|1,0|0,51
_O___XXO_|1,1|0,2052
_O____XXO|0,2|0,0471511125
_O____XXO|0,0|0,451236361862711
_O____XXO|1,0|-0,0855
_O____XXO|1,2|0,0505355670527617
OXXX___OO|1,1|-0,51
_OXXO__XO|0,0|0,1257350175
_O_XO__X_|0,2|0,04579651099125
_O_XO__X_|0,0|0,117042347418902
_O_XO__X_|1,2|-0,0855
_OOOXXX__|0,0|0,218300025
__O_X____|0,0|0,428687499824027
__O_X____|2,2|0,255498116019606
__O_X____|2,1|0,0440294724650857
__O_X____|2,0|0,209589932194645
__O_X____|1,0|0,0319811179490044
__O_X____|1,2|0,184988663963466
__O_X____|0,1|0,167820481408063
XOXOOXX_O|2,1|0,499999999745989
__XOOXX_O|0,0|0,473283586075628
XOX_XOO__|2,2|0,99837158640209
__X_XOO__|0,0|0,940099245324704
__X_XOO__|1,0|0,242655355286356
__X_XOO__|2,1|0,0899777301589991
__X_XOO__|2,2|0,03086143875
__X_XOO__|0,1|0,0855
XXO_OX__O|2,0|0,462487301749412
_X__OX__O|0,0|0,197850447831472
OO_X____X|0,2|0,2224021725
XO_X__OXO|1,2|0,072675
XO_X__OXO|0,2|0,312071788144009
_O_X__OX_|0,0|0,020712375
OO_XX__XO|1,2|0,51
O__X___XO|1,1|0,2052
O_XXOOOXX|0,1|0,499988730329855
XO_X_OOX_|0,2|0,18163701225
_O_X_O_X_|0,0|0,06626521099125
OO_XXOOXX|0,2|0,4930793563995
O__XXOO_X|2,1|0,441375558735285
O__XXOO_X|0,2|0,0936225
O__XXOO_X|0,1|0,242249999852258
O___X_O_X|1,0|0,359365444687205
_O_XX_OXO|1,2|0,3
___X__OXO|1,1|0,0855
OXXXOOO_X|2,1|0,499988730329855
OX_XO_O_X|0,2|0,408983157596367
O__X__O_X|0,1|0,178611446879517
O__X__O_X|2,1|0,069035912513367
O__X__O_X|1,1|0,118112332229505
O__X__O_X|0,2|0,0773349433691835
O_OXX_O_X|1,2|0,882351
__OX__O_X|1,1|0,63705366
XOO__X___|2,2|-0,3786944554035
XOO__X___|2,1|0,14589175822425
XOO__X___|2,0|0,0994194
XOO__X___|1,0|0,0855
XOO__X___|1,1|0,0855
OXOXXO_OX|2,0|0,499430055240731
O_OXXO__X|0,1|0,34237597560525
O__X_O__X|1,1|0,01218375
O__X_O__X|0,2|0,094302225
__XXOOO_X|0,1|0,336876245152898
__XXOOO_X|0,0|0,142499999698488
__XXOOO_X|2,1|0,1367496110025
___XO_O_X|0,2|0,020712375
XO_OX_OX_|2,2|0,51
X__O__OX_|1,1|0,2052
X__O__OX_|2,2|-0,14535
_OXXOX__O|0,0|-0,657
_OXX____O|1,2|-0,2052
OXXXOO_OX|2,0|0,49515554947965
OX_XO__OX|0,2|0,321412814749415
OX_XO__OX|1,2|0,072675
OX_XO____|2,2|0,327835099429381
_X__O____|1,0|0,323974827147029
_X__O____|2,2|0,0506227031250153
_X__O____|1,2|0,0100351456875
_X__O____|2,0|0,0253467396467445
_X__O____|0,2|0,193361494455851
_X__O____|2,1|-0,35404969504248
_OXXOO_X_|2,2|0,144495
_OXXOO_X_|0,0|0,242249999999998
_OXXOO_X_|2,0|0,2052
XOXOO__X_|1,2|0,474999971943623
_OXO___X_|0,0|0,03086143875
_OXO___X_|2,2|0,0855
_OXO___X_|1,2|0,0471511125
O__XXO___|2,2|0,0266824125
O__XXO___|2,1|0,08743615797375
O__XXO___|0,1|0,03086143875
XOX__XO_O|2,1|0,468373964410552
_X_XOXOO_|0,2|-0,3
OOX_X__XO|2,0|0,657
O_X____XO|1,1|0,330885
O_X__XOXO|1,0|-0,3
__X___OXO|1,2|-0,0855
__X___OXO|0,0|0,03086143875
X__XOXO_O|0,2|-0,657
___XOX__O|0,0|-0,330885
_____X__O|1,0|-0,0243675
_____X__O|1,1|0,1099022308119
_____X__O|2,0|0,0430114755721219
_____X__O|0,2|0,00511845481667352
_____X__O|0,0|0,162379858609171
_____X__O|2,1|0,0456847953845192
XOX_O_O_X|1,2|1
X___O_O_X|0,2|0,95
__OOXXX_O|0,0|0,433903585924168
__OOXXX_O|2,1|0,072675
__OOXXX_O|0,1|0,208720035
___OXX__O|2,0|0,22374549154222
XXOOXX_OO|2,0|0,499430055240731
_XOOXX_O_|0,0|0,417169216817123
_XOOXX_O_|2,0|0,04275
_XOO_X___|1,1|0,01218375
_XOO_X___|2,0|0,109397179519999
_XOO_X___|2,1|0,01218375
__X____O_|0,1|0,428687431864165
__X____O_|1,0|0,0692179764309
__X____O_|1,2|-0,2056860675
__X____O_|1,1|0,58908703777158
__X____O_|0,0|0,094302225
XXOOX_XOO|1,2|0,37995
XXOO__XO_|1,1|0,2240955
XXOO__XO_|2,2|0,474999999999895
XXOO__XO_|1,2|0,383375456573076
X__O__XO_|0,1|0,451249999997412
X__O__XO_|2,2|-0,389538
X__O__XO_|1,2|0,318048275386288
X__O__XO_|1,1|0,949871054688131
X__O__XO_|0,2|0,2052
X______O_|2,0|0,901791584381756
X______O_|2,2|0,328521316920954
X______O_|1,2|0,140803321377982
X______O_|0,1|0,114776866660703
X______O_|0,2|0,4172200182225
X______O_|1,0|-0,2425653771525
X______O_|1,1|0,33724181385
_XOOOXXOX|0,0|0,49515554947965
_XO_O_XOX|1,2|0,1026
_XO_O_XOX|0,0|0,360952314841891
_XO_O___X|2,0|0,155379127901127
OOXXO_X__|2,1|-0,959646393
OO_X__X__|0,2|-0,808157071395
XOOO_XXXO|1,1|0,499967143818818
X_OO__XXO|1,2|0,470788047888839
X_OO__X__|2,1|0,428122317406994
X_OO__X__|0,1|-0,0615416511699879
X_OO__X__|1,1|0,230117861185414
X_OO__X__|2,2|0,895234390499972
X_OO__X__|1,2|0,24640172325
___XO__XO|0,0|0,208747164330018
XO_OOXX__|2,1|0,474772994691354
X__OO_X__|1,2|0,451249963689837
OX_OOX_X_|2,0|-0,7599
_X_OO__X_|1,2|-0,2844927
_OXXO____|2,1|0,137548851749999
OXOX_____|2,2|0,029241
OXOX_____|1,2|-0,0855
OXOX_____|2,1|-0,2165715
OX_______|1,0|0,0482086425825437
OX_______|2,1|-0,3545011922625
OX_______|1,1|0,42294991961388
OX_______|1,2|0,02052961875
OX_______|0,2|0,0218458895292248
OX_______|2,0|0,0988602667544045
XOOOXXXO_|2,2|0,7599
XO_O_XXO_|1,1|0,448191
OOXXXOOX_|2,2|0,490113366285
OOXX__OX_|1,1|0,22495797770175
O_X___OX_|1,0|0,0556797375
XOX__OO_X|1,1|0,83193
__X__OO_X|0,0|0,55083375
__X__OO_X|0,1|0,033786757125
__X__OO_X|2,1|-0,11692125
__X__OO_X|1,0|0,0791402074964763
OXO_OX_X_|2,0|-0,657
O_O__X_X_|0,1|-0,330885
XOX___OXO|1,0|0,413346404034873
XOXOX_OXO|1,2|0,499720727067958
XO_OX__XO|0,2|0,164210158575
XO_OX__XO|1,2|0,185157658575
XO_OX__XO|2,0|0,2977221710025
X__O___XO|1,1|0,01218375
X__O___XO|0,2|0,279963182000533
X__O___XO|1,2|0,0648935941677491
XOX_O____|2,1|0,450922368063375
__X_O____|0,0|0,260863881855421
__X_O____|1,2|0,4286875
__X_O____|0,1|0,122136040343916
__X_O____|2,0|0,39579690298149
__X_O____|2,2|0,200743716704266
__X_O____|1,0|0,161067144920491
__X_O____|2,1|0,0975627183374997
XOX_XOOXO|1,0|0,499430055240731
XOX_X_O_O|2,1|0,443267731851471
XO__X___O|0,2|0,31443373702518
XO__X___O|2,0|0,949999949747942
XO__X___O|1,2|0,232037972908128
XO__X___O|2,1|0,154164069075504
XO__X___O|1,0|0,2052
XXOO_____|1,1|0,949999999999976
XXOO_____|2,2|-0,808157071395
XXOO_____|2,0|0,178775442896894
XXOO_____|2,1|-0,4188645
XXOO_____|1,2|0,134386762499929
XOO_X_X_O|1,0|0,99999999697732
X_OXOX__O|2,0|0,7599
O______X_|0,2|0,12807558
O______X_|1,1|0,0727884370837454
O______X_|1,2|-0,00305060351073749
O______X_|2,0|0,094302225
O______X_|0,1|-0,225508521174975
O______X_|2,2|-0,00482932071637986
O_O_OX_XX|2,0|0,51
O___OX_X_|2,2|0,2052
__OOXXXO_|0,0|0,10828575
__OOXXXO_|0,1|0,30611679194413
X_OXOO__X|2,0|0,3
__OX_O__X|0,0|0,0855
__OX_O__X|2,1|0,058482
O_OXO_XX_|2,2|0,3
__OXO__X_|2,0|0,0855
XO_O__XXO|1,2|0,27780837237556
XO_O__XXO|0,2|0,474999879561927
XO_O__XXO|1,1|0,329807268225
XO__X_OXO|0,2|0,464348438852535
XO__X_OXO|1,2|0,289312361775607
XO__X_OXO|1,0|0,194769
X___X_O_O|2,1|0,42468249800957
XO_O_XX_O|0,2|0,474997973126006
XO_O_XX_O|1,1|0,312075
XO_O_XX_O|2,1|0,142420407214368
OXOX___OX|1,1|0,19240603212119
O_OX____X|0,1|0,1422330975
X_OOOXXXO|0,1|0,496608884635755
XO_XO_OX_|0,2|0,394934701062298
XXOOO___X|1,2|-0,959646393
X__OOXX_O|0,1|0,467006270883131
X__OOXX_O|2,1|0,10828575
X__OOXX_O|0,2|0,240277615318079
____OXX_O|0,0|0,284202753252975
OXX_X_O_O|2,1|0,94235199
OXX_____O|1,1|0,7637969277
O_OOXXXOX|0,1|0,3285
O__OXX___|2,0|0,103805414583362
X__OX___O|2,1|0,109498544985712
X__OX___O|0,1|0,0855
X__OX___O|2,0|0,296462738829143
X__OX___O|0,2|0,2052
X__OX___O|1,2|0,111548688193196
OX__O_OXX|0,2|-0,9717524751
OX__O___X|2,1|-0,2052
OX__O___X|0,2|0,098265474610497
OX__O___X|1,2|0,06821681625
OX__O___X|2,0|0,311488029347716
X__OOXXO_|0,1|0,474999999997968
_O_OXX_XO|0,0|0,0936225
_O_OXX_XO|2,0|0,04275
OO_X_OX_X|2,1|0,51
_O_X_O__X|2,0|0,2052
_O_X_O__X|1,1|0,0358344799875
_O_X_O__X|2,1|0,033786757125
XO__O__X_|0,2|0,450869553299316
XO__O__X_|1,0|0,218236015038017
XO__O__X_|2,2|0,2301375
XO___XOXO|0,2|0,2853636882034
_O___XOX_|0,0|0,0266824125
______OX_|1,2|0,036357936530625
______OX_|0,0|0,428682773715769
______OX_|0,2|0,0473743207643067
______OX_|1,0|0,0113456955803022
______OX_|1,1|0,021537019935
______OX_|2,2|0,103590129014413
X_OX__OXO|1,1|-0,7599
XOX_XO__O|2,0|0,9176457
X___XO__O|0,2|0,7074665865
____X___O|0,0|0,432271829016195
____X___O|0,2|0,160433005775554
____X___O|2,1|0,0928559623215684
____X___O|1,0|0,0730231877425471
____X___O|0,1|0,01705974766875
X_O_OX_OX|0,1|-0,3
__O__X_OX|0,0|-0,0855
__O__X_OX|1,1|0,14535
_____X_O_|2,2|-0,0243675
_____X_O_|1,0|-0,0397232893125
_____X_O_|0,0|0,106243492443056
_____X_O_|2,0|0,266490695630982
_____X_O_|1,1|0,1471797
_____X_O_|0,1|0,0124658038125
X____O_XO|0,2|0,450043505911074
OXOXXOXO_|2,2|0,490113366285
OXOX__XO_|1,1|0,39693162365775
OXOX__XO_|2,2|0,20656453725
OXOX__XO_|1,2|0,19435005
O__X__XO_|0,1|0,281387943072305
O__X__XO_|2,2|-0,0855
OXXXOO___|2,2|0,349103186607268
OX_X_O___|0,2|0,173503867768574
OX_X_O___|2,1|0,01218375
XXO_O_XO_|1,0|0,3
_X__O_XO_|0,0|0,0855
OXO_XXOOX|1,0|0,3
_XO__XOOX|1,1|0,0855
_X___XOO_|2,2|0,0243675
_O__OXXXO|0,0|0,387317779132497
_O__OXX__|2,1|0,201492219360678
XOXO___XO|1,1|0,2977221710025
XOXO___XO|1,2|0,446122822854845
XOOOX_XXO|1,2|0,4798231965
XOX_____O|1,0|0,384158194421839
XOX_____O|1,1|0,087566722693875
XOX_____O|1,2|0,094162599225
XOX_____O|2,0|0,461029024482966
XOX_____O|2,1|0,111380844063063
XOXO__X_O|1,1|0,999999999999977
OXOO_XX__|1,1|0,2022853610025
OXOO_XX__|2,2|0,1367496110025
O_O__XX__|0,1|0,12703541671125
X__OO_XOX|0,1|-0,7599
OXX__OO_X|1,0|0,118550025
XOOOOXXX_|2,2|0,882351
XOO_OX_X_|2,0|0,63705366
X_OOOXXOX|0,1|0,5
X_OOOX__X|2,0|0,475
X__OO___X|1,2|0,45125
XOXOXXO_O|2,1|0,255
XO_OXX__O|0,2|0,1026
XO_OXX__O|2,1|0,416365530179254
XO_OXX__O|2,0|0,1425
__X_OXOXO|0,0|0,413310620713086
____OXOX_|0,2|0,0837523803027549
__XXXOO_O|2,1|0,430265242486077
___XXO__O|0,2|0,261185163435644
XXO_X_OO_|2,2|0,997673694860128
XXO___O__|1,1|0,936519061714441
O_XX_OOX_|1,1|0,072675
OXO_X__OX|2,0|0,300014643737217
OXO_X__OX|1,0|0,4422176236291
O_O_X___X|0,1|0,35675956172428
OXXX_OOOX|1,1|0,45882285
OX_X__OOX|0,2|0,18010575
OX_____OX|1,0|0,037769625
_X_O_XXOO|0,0|0,30531254253894
_X_O_X_O_|2,0|0,153074861700146
X__OOX_XO|0,1|0,15915825
X__OO__X_|1,2|0,173590416906264
O_XOXX__O|2,0|0,94235199
O_X__X__O|1,1|0,7637969277
XXOOO_X__|1,2|0,475
XXO_O____|2,0|0,45125
XO__OX___|2,1|0,402631889206689
X_____OXO|0,2|0,287553906370015
X_____OXO|1,2|0,0889413601000529
O__X_O_X_|2,0|-0,14535
O__X_O_X_|0,1|0,029241
_____O_X_|1,0|-0,0220525875
_____O_X_|0,0|0,262946620270893
_____O_X_|0,2|-0,0243675
_____O_X_|2,2|-0,004629825
_____O_X_|2,0|-0,058482
_____O_X_|0,1|-0,00409141290375001
XO___XO__|0,2|0,392509565556502
XXOO_XOXO|1,1|0,3
X__O_XOXO|0,1|0,0855
X__O_XOXO|0,2|0,139682309391225
X__O_XOXO|1,1|0,227696821641225
X____XO_O|2,1|0,165154959151559
OX__O__X_|2,2|-0,830830033728
XO_X__O__|0,2|0,369875150466428
XO_X__O__|2,1|0,058482
XO_X__O__|1,1|0,2052
XO_X__O__|2,2|-0,2052
OX_OXX_O_|2,0|0,342803626287636
__OO_XXXO|0,0|0,0936225
__OO_XXXO|1,1|0,0936225
__O___X__|2,1|-0,126708399443177
__O___X__|1,0|0,340886823306786
__O___X__|0,1|0,0243675
__O___X__|0,0|0,780246015845289
__O___X__|1,1|0,0352438187666906
__O___X__|2,2|0,07553925
__O___X__|1,2|0,0252532659956496
OXX_OO__X|1,0|0,437729313801313
O_X__O__X|0,1|0,0750753087607125
O_X__O__X|1,1|0,0806749225763738
XOOXXOOX_|2,2|0,882351
XOOX__OX_|1,1|0,63705366
XOO____X_|1,0|0,3922377993
XOO____X_|2,2|0,0855
_X____O__|0,0|0,732540844752066
_X____O__|1,0|0,0392973110061424
_X____O__|1,2|-0,036307575
_X____O__|0,2|-0,001169750183334
_X____O__|2,1|-0,0243675
_X____O__|1,1|0,12847775476857
_OX__X__O|0,0|0,128107617536137
_OX__X__O|1,1|0,0855
_OX__X__O|1,0|-0,187245
_OX__X__O|2,1|0,0471511125
XOO_X__XO|1,2|0,286412858119268
_OO_X__X_|0,0|0,135811688320476
__O_OXXOX|0,1|0,457626115949373
__O_OX__X|2,0|0,403006479665861
___O__XOX|0,0|-0,14535
___O__XOX|1,1|0,2052
_XOOO__XX|2,0|0,51
_XOO____X|2,1|0,2052
XOOO_X_X_|1,1|0,271839042
XOOO_X_X_|2,0|0,142026430739383
X___OX__O|0,1|0,291840591461125
X___OX__O|0,2|0,0604822062375
X___OX__O|2,0|0,125886400256944
_XOOOX__X|2,0|0,32267636845425
_X_OO___X|1,2|0,179319878590174
OX__O_XOX|0,2|0,470397232189031
OX__O_XOX|1,0|0,144495
OX__O_XOX|1,2|0,1257350175
____O_XOX|0,1|0,298789162123808
X__XOOO_X|0,2|0,474999994188998
X___OO__X|1,0|0,450330337436538
O_XXOO__X|2,1|0,417320065528668
O_XXOO__X|2,0|0,13076451225
__X_OO__X|1,0|0,288348457756916
OO_X__XOX|0,2|-0,3
X_OO_XXO_|0,1|0,474956343363511
X_OO_XXO_|2,2|0,234034780703354
X_OO_XXO_|1,1|0,360757313846145
__O__XXO_|0,0|0,450588648362618
__O__XXO_|1,1|0,134149514753615
__O__XXO_|0,1|0,0406124630611573
X_OOOXX__|2,2|0,475
X_OOOXX__|2,1|0,39852523566662
X_OOOXX__|0,1|0,461563185822528
XXO__OOX_|1,1|0,7599
X____OOX_|0,1|0,448191
X____OOX_|2,2|-0,0855
O_XXO_OX_|2,2|0,240274404717866
___XO_OX_|0,2|0,0963448260681412
XO_____XO|0,2|0,209856588501935
OXX__X_OO|1,1|-0,7599
XOXO_____|1,1|0,68001991515
XOXO_____|2,0|-0,0855
XOXO_____|2,1|0,0243675
XO___X__O|2,1|0,0352110375
XO___X__O|1,0|0,2052
X__O_XXOO|0,1|0,241241974002401
_XOOX_XO_|2,2|0,237459925965083
_XOOX_XO_|1,2|0,2291338438517
_O__X_OX_|0,0|0,222846323939646
XOOOOX_XX|2,0|0,7599
OXO_X_XO_|1,2|0,47483735955728
OXO_X_XO_|2,2|0,314339765285136
OXO_X_XO_|1,0|0,289306980216225
XOX_O__XO|1,0|0,474999851812593
XOX_O__XO|1,2|0,419116719148236
XOX_O__XO|2,0|0,311518082549515
X___OOOXX|0,2|-0,51
X_O__X_O_|2,0|0,318632066084365
XOXOOX___|2,2|0,83193
X__OOX___|0,2|0,55083375
X__OOX___|2,0|0,135374999497465
X___OX_O_|0,1|0,45125
XXOX__OO_|1,1|-0,51
XXO____O_|1,0|-0,2052
XXO____O_|1,1|-0,2052
XXO____O_|2,0|0,230124022643788
XXO____O_|1,2|-0,0855
XXO____O_|2,2|0,229750937962338
OXXXO__O_|2,2|0,0936225
OX_X___O_|0,2|-0,12667231125
OO__X_XOX|0,2|0,7599
_O____XOX|1,1|0,448191
__O___XOX|1,0|0,0352110375
__O___XOX|0,0|0,2052
OXO__XXO_|1,0|0,2543897745
XOO__X_XO|2,0|0,10828575
XOO__X_XO|1,1|0,236026041741883
XOO__X_XO|1,0|0,0855
XXO_OO__X|1,0|-0,986158712799
_XO__O__X|0,0|-0,0855
_XO__O__X|2,0|0,038271270193875
XXO_X__OO|1,2|-0,657
XOX_X_OO_|2,2|0,9176457
XOX____O_|1,1|0,7074665865
OXOXO_X__|2,2|0,474999819539927
O_OX__X__|0,1|0,449237804472816
XO__OXOX_|0,2|0,474992204540351
OXX__O_OX|1,0|0,2125496360025
OXX__O_OX|1,1|0,04275
__X_OXXOO|0,0|-0,7599
__X__X_OO|2,0|-0,448191
OXXX__O_O|1,1|-0,83193
O_XX__O__|0,1|-0,2052
O_XX__O__|1,1|0,1237859253
XOOOX__X_|2,2|0,7599
X__XO_OOX|0,1|-0,9176457
X__X__OO_|2,2|-0,7074665865
_OXOOXXXO|0,0|0,3285
_OXO_X_XO|2,0|0,1654425
_OXO_X_XO|0,0|0,1425
_OXO_X_XO|1,1|0,072675
OOX_X_OX_|1,0|0,330638561592975
OO__X__X_|0,2|0,186380979905247
__OO_X__X|0,1|-0,0485610471142875
__OO_X__X|2,1|-0,0855
__OO_X__X|1,1|-0,0855
__OO_X__X|0,0|0,13535446322415
XXO_O__XO|1,2|-0,7599
_X__O__XO|0,0|-0,448191
__OO_XOXX|0,0|-0,3
OXO_XOXOX|1,0|0,4798231965
O_O_X_X__|0,1|0,38651925652618
OOX__O_XX|2,0|0,51
OOX____X_|2,2|0,2052
OOX____X_|2,0|0,2052
OOX____X_|1,0|0,0641130236449987
XOO_X_OX_|2,2|0,7599
X_O___OX_|1,1|0,448191
___OX____|0,1|0,348713865335828
___OX____|2,2|0,144791685
___OX____|0,0|0,0655857431004811
O_OXX_XO_|1,2|0,3
O_X_OO_XX|2,0|0,657
O_X_O__X_|2,2|0,330885
O_O_X_OXX|0,1|0,882351
__O___OXX|1,1|0,63705366
O_X_X_OOX|1,2|0,99321776927151
__X_X_OO_|2,2|0,916495780201259
_XO_OXXO_|1,0|0,0936225
XOX__O_OX|1,1|0,51
__X__O_OX|0,0|0,2052
__X__O_OX|0,1|0,03086143875
O__XX_OOX|1,2|0,3
___X__OOX|1,1|0,0855
___OXX_O_|2,0|0,038271270193875
___OXX_O_|0,2|0,330885
_XO__X__O|0,0|0,0549761952607242
OXX_OOX__|1,0|-0,3
OXX__O___|2,0|-0,0855
OXX__O___|2,2|-0,0855
X_O_X_XOO|1,0|0,882351
X___X__OO|2,0|0,63705366
OXX_XOOOX|1,0|0,15
__XXXOOO_|2,2|0,27888033465
___XXO_O_|0,2|0,135812625544125
___XXO_O_|0,0|0,2052
___XXO_O_|2,0|0,55083375
___XXO_O_|0,1|0,0816293148395524
_X_XOX_OO|0,0|-0,51
O__XOXXO_|0,1|-0,3
O____XXO_|1,0|-0,0855
O____XXO_|2,2|0,175262217103198
__OXOX_XO|0,0|-0,3
__OX___XO|1,2|-0,0855
_OX__OOXX|0,0|0,24225
O__XOOXX_|2,2|0,3
___XOO_X_|2,0|0,0855
O_O_XX_OX|1,0|0,51
OXXO_O__X|1,1|-0,3
XOOOXXOX_|2,2|0,657
X_OO_XOX_|1,1|0,247095
___O_XOX_|0,0|0,04142475
OXOOXX___|2,1|0,51
OXO__X___|1,1|0,2052
OX__O_X__|2,2|0,31386384875373
XXOX_OOOX|1,1|0,3
_X_X_OOOX|0,0|0,0855
X__XXOOO_|2,2|0,51
O_O_OXX_X|2,1|0,51
O___OXX__|2,2|0,2052
OOXXXOO_X|2,1|0,471175995
_OXXXOO__|2,2|0,1654425
_OXXXOO__|0,0|0,072675
_OOXOX_X_|0,0|-0,3
O_OXXOOXX|0,1|0,51
__OX_OOXX|1,1|0,2052
__OX_O_X_|2,2|0,0243675
XO_XXOO__|2,2|0,51
XOXOO_X__|1,2|-0,657
XXOX_O_O_|2,0|0,3
_X_X_O_O_|0,0|0,0855
_OXXXO_O_|2,0|0,51
_OXX___O_|1,1|0,2052
_OX_OOX_X|2,1|0,51
_OX__O__X|2,0|0,2052
OO_XXO_X_|0,2|0,2187790245
_OXO_O_XX|2,0|0,3
OO__X_OXX|0,2|-0,3
_O____OXX|1,1|-0,0855
_O____OXX|0,0|0,2301375
_OX_XOOX_|0,0|0,227696821641225
OXX_O____|2,2|0,341374754369535
X_OOX_XO_|2,2|0,999988955723258
XXO__OXO_|1,0|0,51
_X___OXO_|0,0|0,2052
___X_OO_X|0,0|0,451189705876172
___X_OO_X|0,1|0,0970830716321298
___X_OO_X|0,2|0,071142134625
___X_OO_X|2,1|0,038271270193875
__X_OO_X_|1,0|0,0694392524999999
_OO__X_X_|0,0|0,104264016105712
XOX__OOX_|1,1|0,305316585004901
XOX__OOX_|1,0|0,1425
XOX__OOX_|2,2|0,1425
XO___O_X_|0,2|0,03726788599125
XO___O_X_|2,0|0,448191
_XO_X__O_|0,0|-0,187245
_XO_X__O_|1,2|0,288035480101999
_XO_X__O_|2,2|0,108540900943173
_OO__XXXO|0,0|0,297482821176265
XXO__XO_O|1,1|-0,7599
X__XOOOX_|0,2|0,474992505669353
X___OO_X_|1,0|0,451176667974622
___XXOO__|0,2|0,029241
___XXOO__|0,0|-0,2052
___XXOO__|2,1|0,146038359540485
___XXOO__|2,2|0,125792034239556
OXO_O_XX_|2,2|0,7599
OXO___X__|2,1|0,448191
OXO___X__|1,0|0,135374948568879
___XOO__X|0,0|0,271816241860582
_X_OO_XXO|0,0|-0,3
___O__XXO|0,1|-0,0855
___O__XXO|1,2|0,0358344799875
___O__XXO|0,2|-0,0855
___O__XXO|1,1|0,2052
XO_OO_X_X|2,1|0,7599
_OXOX_OX_|0,0|0,1257350175
_OX___OX_|1,1|0,0358344799875
_O_O_XXXO|0,0|0,1257350175
OXOOOXX_X|2,1|0,657
OX_OOXX__|2,2|0,330885
X___OXOXO|0,2|0,395166715491156
____OX_XO|0,0|0,0406124873299769
XO_OXO_X_|2,2|0,657
X__O_O_X_|1,1|0,330885
OOX_O_XX_|2,2|0,51
__XOO_XXO|0,0|-0,3
X__XXOO_O|0,2|-0,51
___OOXX__|0,0|0,280766444015667
___OOXX__|0,1|0,094302225
XOO__XOX_|1,1|0,14535
__OXXO___|2,2|0,198596702819993
_O_OXX___|0,0|0,114868993880576
_O_OXX___|0,2|0,187245
__XOO_X__|1,2|0,418023124523412
XO_O_OXX_|2,2|0,7599
O__XO_XOX|0,1|0,461602125251218
O__XO_X__|2,2|0,404691435338862
O_X_XOO_X|1,0|0,28306990377675
_O_XXOOX_|2,2|0,10828575
_O_XXOOX_|0,2|0,239311148695048
_O_XXOOX_|0,0|0,072675
XO_OXX_O_|2,2|0,657
XO___X_O_|1,1|0,330885
_OOXX_OX_|1,2|0,3
__OX__OX_|1,1|0,0855
_XO_XOXO_|2,2|0,072675
_X__XO_O_|2,0|0,020712375
_X__XO_O_|2,2|0,03726788599125
_OXOXX__O|2,0|0,3
XXO__O___|2,2|-0,887822960566365
OO_OXXXXO|0,2|0,51
O__O_XXXO|1,1|0,2052
O__O_XX__|2,1|0,0243675
XO_XXOOXO|0,2|0,37995
X__X_OO__|0,1|-0,5303052
X__X_OO__|0,2|0,228488155285914
X__X_OO__|2,2|0,375408329605484
X_O_OX_XO|2,0|0,2646540495
X_O____XO|1,2|0,155928934940562
__XXOOOX_|0,0|0,1425
OX_XO_OX_|0,2|-0,3
O__X__OX_|0,1|-0,0855
O__X__OX_|1,1|0,0855
OXXXO_O__|2,2|0,392190028933266
_X_XO_O__|0,2|0,230004753694855
O__OX_XOX|0,2|0,51
OXOXO__X_|2,0|-0,7599
O_OX___X_|0,1|-0,330885
X_O_OX___|2,0|0,451246500206858
__OOXX___|0,0|0,296411055080858
__OOXX___|2,0|0,142498901348112
__OOXX___|0,1|0,09937623297375
_O__X__XO|0,0|0,097290898875
_O__X__XO|1,2|0,0266824125
_O__X__XO|0,2|0,254437894745291
_O__X__XO|1,0|0,0389736391357125
__X_O__XO|0,0|0,127570900518538
XO_OO__XX|2,0|0,3
OXO_OX__X|2,0|0,349773061898857
X_O__XOOX|1,1|0,51
X____XOO_|2,2|0,2052
_OOOXXXXO|0,0|0,3285
__XXOO_OX|0,1|0,22582031715
OXXOO_X__|1,2|-0,83193
OXXO_____|2,0|-0,50977665
X___O__XO|1,0|0,114906046676438
X___O__XO|1,2|0,0406124985093844
X___O__XO|0,2|0,135374876870522
X___O__XO|2,0|0,0849033145174077
_XOOXXO__|2,1|0,3
_XO__XO__|1,1|0,0855
OXX___O__|1,0|0,161887148162846
__O__XX_O|0,0|0,049141125
__O__XX_O|1,1|0,182332108064813
__O__XX_O|1,0|0,0855
__O__XX_O|2,1|0,0266824125
OX_XOOOXX|0,2|0,415965
OX_XOO_X_|2,2|0,18010575
_OXXOO__X|2,1|0,280756839141225
__XX_OO__|0,0|0,168052507853458
OX_X_OO_X|0,2|0,241568884119131
OX_X_OO_X|2,1|0,118550025
__XOXXO_O|0,0|-0,3
OO_X__OXX|0,2|0,072675
__O_OXXXO|0,0|0,10828575
O_XX_OO_X|0,1|0,271350678488363
OO_XX_OX_|1,2|0,3
OXX_O_OX_|1,0|-0,3
_X__O_OX_|0,2|-0,0855
XO_O_X___|0,2|0,213851253513934
XO_O_X___|2,0|0,109874435556816
XO_O_X___|1,1|0,118664176101087
_OO__XX__|0,0|0,2475718506
O_XXO____|2,2|0,101874751079925
XXOOOX___|2,0|0,312074999999882
XOXO__OX_|1,1|0,305930127808406
XO____OX_|0,2|0,113277606619271
XO____OX_|2,2|0,3754084125
OX_XOXO__|0,2|-0,657
OX_X__O__|1,2|-0,2052
OX_X__O__|0,2|-0,23710005
OX_X__O__|1,1|0,2052
__XOOX_XO|0,0|0,242249999999997
___OOX_X_|0,2|0,0406124999999986
___OOX_X_|2,0|0,0406124472302247
O_XX_OXO_|1,1|0,3
__XX_O_O_|2,0|0,0855
OXXOOX___|2,2|0,3
_X_OOX___|0,2|0,0855
OXOXOX___|2,0|-0,3
O__XO_OXX|0,2|0,435731920403253
O_XOO_XX_|2,2|0,51
O_XO___X_|2,0|0,2052
O__XXOXO_|0,2|0,83193
_O_XXO___|0,2|0,0471511125
OX___OXOX|1,1|0,240225075
OX___OX__|2,2|0,0266824125
OX___OX__|1,0|0,0394652973949987
OX_XXO_O_|2,2|0,286418648559833
XXO__XOO_|1,1|-0,3
_XOXOO_X_|2,0|-0,51
XXOOX___O|2,1|0,3
_XOOXXXOO|0,0|0,45882285
__XXO_O__|0,0|0,29647125
__XXO_O__|2,2|0,0550450285527549
_XOX_O_OX|2,0|0,217270176075
OX_O__X__|0,2|-0,14535
OX_O__X__|1,1|0,0855
XXO__O_OX|1,1|0,3
_X___O_OX|0,0|0,0855
OOXXXO_XO|2,0|0,51
OOXX___XO|1,1|0,2052
_O_X___XO|0,2|0,0243675
_O_XXO_XO|0,2|0,1367496110025
OOXXX_OXO|1,2|0,3
O_XX__OXO|1,1|0,0855
__XX__O_O|2,1|0,0243675
XO_XO_O_X|0,2|-0,51
_XO_X_XOO|1,2|0,15915825
_X__X__OO|2,0|0,05985876375
_O_OX__X_|0,0|0,065538828
_O_OX__X_|2,2|0,0855
XXO___OOX|1,1|0,3
_X____OOX|0,0|0,0855
XXOO_OX__|1,1|-0,7599
OXO_XXXOO|1,0|0,3
OX___XXOO|1,1|0,0855
_X____XOO|1,2|0,0243675
_X____XOO|0,2|0,0855
XO__XO_XO|0,2|0,308128407256024
_OOO_XX_X|2,1|0,3
_O_O_XX__|2,2|0,0855
OO_OX__XX|2,0|0,3
X_OOO_XX_|2,2|0,7599
X_O_O__X_|2,0|0,448191
XOXO_OX__|1,1|0,51
OO_XXO__X|0,2|0,1257350175
OX___X_O_|0,2|-0,2165715
OX___X_O_|1,0|0,0437396625
OX___X_O_|2,2|0,01218375
XOOOX_X__|2,2|0,3
O_OOXX__X|0,1|-0,3
XO__OX_XO|0,2|0,242249996334666
_O__OX_X_|0,0|0,15698761875
_OOOX_XX_|2,2|0,3
OXX_XOO__|2,1|0,3
X_OX_OOX_|1,1|-0,3
___X_OOX_|0,0|-0,0855
___X_OOX_|0,1|0,0638672175
__O_X_X_O|1,2|0,27082092315457
XOXO__XO_|1,1|0,51
OXOXOX_OX|2,0|0,3285
OX_XOX_O_|2,2|0,1235475
XO_XOX__O|2,0|0,51
_X_X__OO_|2,2|0,05133013875
_X_OXX_OO|2,0|0,0936225
_X_O_X__O|1,1|0,0266824125
_X_O_X__O|2,0|0,0243675
_X_O_X__O|2,1|0,033786757125
_OX__O_X_|2,2|0,06904125
OO_XOX_X_|0,2|-0,51
O_XXOX_O_|2,2|0,3
OXX___XOO|1,1|0,3
_XO__XXOO|0,0|0,142499870390026
OXOOXX_OX|2,0|0,15
OXO__X_OX|1,1|0,04275
XOOXOX___|2,0|0,3
O__XO__X_|2,2|0,30034541356612
_XOOOXXXO|0,0|0,255
_XOOOX_X_|2,0|0,1026
XOX_OO_X_|1,0|0,419116725
OXOOXXX_O|2,1|0,51
OX_O_XX_O|1,1|0,2052
X_OO__XOX|1,1|0,51
_O_OX_XXO|0,2|0,51
_O_X_OOXX|0,2|0,118550025
X_O_OO_XX|2,0|0,7599
X_O__O_X_|2,2|0,448191
OOXXOO_XX|2,0|0,3
OOXXO__X_|2,2|0,0855
_OX_O__X_|1,0|0,058238325
O_OOX_X_X|2,1|0,7599
O__OX___X|2,0|0,448191
OXOOX_X__|2,1|0,3
XOXX__OO_|1,1|-0,657
__XXOO___|0,1|0,0621831014908499
OOXXXO___|2,0|0,3
OXOX__X_O|1,1|-0,51
XO_XXO__O|2,0|0,51
XOXXO___O|2,0|0,3
__XXO___O|0,0|0,0855
_O_O_X_X_|0,2|0,0471511125
OXXX__OO_|2,2|0,2187790245
XXO__OO_X|1,1|0,3
_X___OO_X|0,0|0,0855
OOXXOOXX_|2,2|0,51
OXO__XO_X|1,0|-0,3
OXX_OO_X_|1,0|-0,3
O_X__O_X_|0,1|-0,0855
OO__X_XXO|0,2|0,657
O_____XXO|1,1|0,330885
_X_OOX_XO|0,0|0,118550025
_XOO_XO_X|0,0|-0,3
OXOX_OX__|2,2|0,1367496110025
OO_X__XXO|0,2|-0,3
OX_XXOO__|2,1|0,51
__XOO__X_|1,2|0,069041249999999
OO___XXXO|0,2|-0,3
O__O_X_X_|2,0|0,058482
__XO_OOXX|0,0|-0,51
_____OOXX|0,2|-0,0855
_____OOXX|0,0|-0,14535
_____OOXX|1,1|0,0855
__XO___XO|0,0|0,123617863590901
__XO___XO|0,1|0,0855
___XOXOXO|0,0|-0,3
OXX_OXO__|2,2|0,3
_X__OXO__|0,2|0,0855
O_OX_XX_O|1,1|0,3
O__X_OOXX|0,2|0,312055335575563
O__X_OOXX|0,1|0,0936225
__X__XO_O|2,1|0,269165373386284
OX_X_OXO_|2,2|0,13847472770175
XOXO_XO__|2,2|0,657
__XOXXOO_|2,2|0,657
_XOOOXX__|0,0|0,24225
XOOXO___X|2,0|0,3
_OOX____X|0,0|0,0855
___X_O_OX|0,2|0,0902570118649988
XXOXO___O|2,0|0,3
_X_XO___O|0,0|0,0855
OXXO___XO|1,1|0,3
__X__OOX_|0,0|0,16606047317601
__X_OOXOX|0,1|-0,3
OXXX_OO__|1,1|0,358431206211129
XOOO_XOXX|1,1|0,3
XO_O_XOX_|2,2|0,0855
___XOOOXX|0,2|0,134285158575
OX__XO_OX|2,0|0,2282847695775
XOO_O__XX|2,0|0,3
_XO____OX|0,0|0,4508891180266
X__O_OXXO|0,2|-0,51
XOXOXOOX_|2,2|0,3
XOXO_O_X_|1,1|0,0855
XOXOX___O|2,0|0,51
OX_XOOX__|2,2|0,134285158575
_X__OOX__|1,0|0,038271270193875
XXO_OXXOO|1,0|0,3
_X__OXXOO|0,0|0,0855
_X___X_OO|2,0|0,0243675
__XO_XOXO|0,0|0,142267951062298
XOOOXX___|2,2|0,3
XXOOXXOO_|2,2|0,3
XXOO_XO__|1,1|0,0855
_XOXO____|2,0|0,135374926527256
__X_OOX__|1,0|0,171060911815677
__XX_OOOX|1,1|0,306157849721572
__XX__OO_|2,2|0,153797599341296
OX_XOO__X|0,2|0,140527616573857
XOOXOX_XO|2,0|0,3
O_XX_O___|0,1|0,0678447176829837
___O_XX_O|0,0|0,375405524432353
_XO__OXOX|1,1|0,134285158575
OX___XO__|1,0|-0,187245
OX__OX___|2,2|0,0996853226411744
_OO_XXOX_|1,0|0,3
__O__XOX_|1,1|0,0855
O___XOOXX|0,1|0,3
OXO_X_X_O|2,1|0,3
OX____X_O|1,1|0,0855
_X__OOXOX|1,0|0,239804047313241
___OOXXXO|0,0|0,142499814842894
_O_XO_OXX|0,2|0,140527616573857
_O_XO___X|2,1|0,0400503707235494
_XO___XO_|0,0|0,135374999999875
